Initial cluster centers:
264.152924 29.865753 
227.190643 56.442844 
237.980736 29.640188 
244.162064 34.098228 
286.931061 41.751415 
8.503367 74.318443 
243.095764 39.583008 
325.105141 81.252525 
181.027237 -36.282158 
203.256516 63.807667 
257.081223 18.350336 
209.361679 62.138020 
256.176903 43.041012 
246.085205 48.493340 
232.754929 49.240280 


Final cluster centers:
303.228537 -17.114078 
212.017107 60.233824 
202.186717 16.869035 
265.009999 27.496200 
302.290316 54.936645 
19.537748 47.282645 
245.187267 34.574464 
350.706990 46.910691 
170.512111 -42.111875 
110.047807 18.713690 
275.778267 -65.941325 
189.209927 56.451453 
281.270588 37.572473 
262.646026 43.383128 
236.930497 42.849590 

Num iterations: 149
Time taken for 15 clusters: 70.694550 seconds
Initial cluster centers:
264.152924 29.865753 
227.190643 56.442844 
237.980736 29.640188 
244.162064 34.098228 
286.931061 41.751415 
8.503367 74.318443 
243.095764 39.583008 
325.105141 81.252525 
181.027237 -36.282158 
203.256516 63.807667 
257.081223 18.350336 
209.361679 62.138020 
256.176903 43.041012 
246.085205 48.493340 
232.754929 49.240280 


Final cluster centers:
303.228537 -17.114078 
212.017107 60.233824 
202.186717 16.869035 
265.009999 27.496200 
302.290316 54.936645 
19.537748 47.282645 
245.187267 34.574464 
350.706990 46.910691 
170.512111 -42.111875 
110.047807 18.713690 
275.778267 -65.941325 
189.209927 56.451453 
281.270588 37.572473 
262.646026 43.383128 
236.930497 42.849590 

Num iterations: 149
Time taken for 15 clusters: 13.759330 seconds
Initial cluster centers:
264.152924 29.865753 
227.190643 56.442844 
237.980736 29.640188 
244.162064 34.098228 
286.931061 41.751415 
8.503367 74.318443 
243.095764 39.583008 
325.105141 81.252525 
181.027237 -36.282158 
203.256516 63.807667 
257.081223 18.350336 
209.361679 62.138020 
256.176903 43.041012 
246.085205 48.493340 
232.754929 49.240280 


Final cluster centers:
303.228537 -17.114078 
212.017107 60.233824 
202.186717 16.869035 
265.009999 27.496200 
302.290316 54.936645 
19.537748 47.282645 
245.187267 34.574464 
350.706990 46.910691 
170.512111 -42.111875 
110.047807 18.713690 
275.778267 -65.941325 
189.209927 56.451453 
281.270588 37.572473 
262.646026 43.383128 
236.930497 42.849590 

Num iterations: 149
Time taken for 15 clusters: 9.334747 seconds
Initial cluster centers:
264.152924 29.865753 
227.190643 56.442844 
237.980736 29.640188 
244.162064 34.098228 
286.931061 41.751415 
8.503367 74.318443 
243.095764 39.583008 
325.105141 81.252525 
181.027237 -36.282158 
203.256516 63.807667 
257.081223 18.350336 
209.361679 62.138020 
256.176903 43.041012 
246.085205 48.493340 
232.754929 49.240280 


Final cluster centers:
303.228537 -17.114078 
212.017107 60.233824 
202.186717 16.869035 
265.009999 27.496200 
302.290316 54.936645 
19.537748 47.282645 
245.187267 34.574464 
350.706990 46.910691 
170.512111 -42.111875 
110.047807 18.713690 
275.778267 -65.941325 
189.209927 56.451453 
281.270588 37.572473 
262.646026 43.383128 
236.930497 42.849590 

Num iterations: 149
Time taken for 15 clusters: 7.195604 seconds
Initial cluster centers:
264.152924 29.865753 
227.190643 56.442844 
237.980736 29.640188 
244.162064 34.098228 
286.931061 41.751415 
8.503367 74.318443 
243.095764 39.583008 
325.105141 81.252525 
181.027237 -36.282158 
203.256516 63.807667 
257.081223 18.350336 
209.361679 62.138020 
256.176903 43.041012 
246.085205 48.493340 
232.754929 49.240280 


Final cluster centers:
303.228537 -17.114078 
212.017107 60.233824 
202.186717 16.869035 
265.009999 27.496200 
302.290316 54.936645 
19.537748 47.282645 
245.187267 34.574464 
350.706990 46.910691 
170.512111 -42.111875 
110.047807 18.713690 
275.778267 -65.941325 
189.209927 56.451453 
281.270588 37.572473 
262.646026 43.383128 
236.930497 42.849590 

Num iterations: 149
Time taken for 15 clusters: 6.586715 seconds
