Initial cluster centers:
264.152924 29.865753 
227.190643 56.442844 
237.980736 29.640188 
244.162064 34.098228 
286.931061 41.751415 

Final cluster centers:
275.607987 37.632002 
27.776138 43.865816 
162.147667 -28.461602 
238.395920 39.279438 
310.189227 -9.869338 

Num iterations: 27
Time taken 10.993623 seconds
Initial cluster centers:
264.152924 29.865753 
227.190643 56.442844 
237.980736 29.640188 
244.162064 34.098228 
286.931061 41.751415 
8.503367 74.318443 
243.095764 39.583008 
325.105141 81.252525 
181.027237 -36.282158 
203.256516 63.807667 

Final cluster centers:
301.100571 -22.106665 
205.003446 58.954262 
202.081428 16.888545 
263.939014 34.129367 
283.388994 39.384330 
19.575793 47.178902 
241.989933 38.388233 
342.903707 51.767649 
172.015539 -42.953474 
110.903870 19.143655 

Num iterations: 42
Time taken 30.688399 seconds
Initial cluster centers:
264.152924 29.865753 
227.190643 56.442844 
237.980736 29.640188 
244.162064 34.098228 
286.931061 41.751415 
8.503367 74.318443 
243.095764 39.583008 
325.105141 81.252525 
181.027237 -36.282158 
203.256516 63.807667 
257.081223 18.350336 
209.361679 62.138020 
256.176903 43.041012 
246.085205 48.493340 
232.754929 49.240280 

Final cluster centers:
303.228537 -17.114078 
212.017107 60.233824 
202.186717 16.869035 
265.009999 27.496200 
302.290316 54.936645 
19.537748 47.282645 
245.187267 34.574464 
350.706990 46.910691 
170.512111 -42.111875 
110.047807 18.713690 
275.778267 -65.941325 
189.209927 56.451453 
281.270588 37.572473 
262.646026 43.383128 
236.930497 42.849590 

Num iterations: 149
Time taken 155.113633 seconds
Initial cluster centers:
264.152924 29.865753 
227.190643 56.442844 
237.980736 29.640188 
244.162064 34.098228 
286.931061 41.751415 
8.503367 74.318443 
243.095764 39.583008 
325.105141 81.252525 
181.027237 -36.282158 
203.256516 63.807667 
257.081223 18.350336 
209.361679 62.138020 
256.176903 43.041012 
246.085205 48.493340 
232.754929 49.240280 
167.007034 -42.464169 
101.669876 74.069206 
277.097267 35.335228 
8.107152 54.852158 
238.472755 35.270226 
309.348045 73.067261 
214.879288 61.276272 
279.512611 38.031815 
264.714043 18.628237 
271.405266 33.631851 

Final cluster centers:
287.327445 8.511519 
237.450996 37.722903 
202.394343 16.981703 
260.752268 29.409072 
297.762666 43.603032 
34.288560 57.830096 
258.648836 47.638007 
353.090605 40.404407 
169.183555 -40.820430 
191.698465 56.442609 
312.678815 -13.826076 
211.688961 60.563519 
270.428928 41.836128 
293.115476 71.529671 
243.156703 31.307074 
47.382537 -34.210337 
117.491700 28.826592 
295.754061 -35.834483 
9.867563 46.713153 
249.279809 38.794660 
331.293902 69.454842 
235.797551 47.952712 
282.336220 39.657131 
236.546455 -77.144934 
273.272879 31.196033 

Num iterations: 296
Time taken 498.879177 seconds
