Initial cluster centers:
264.152924 29.865753 
227.190643 56.442844 
237.980736 29.640188 
244.162064 34.098228 
286.931061 41.751415 

Final cluster centers:
inf inf 
inf inf 
inf inf 
340058953.225644 inf 
inf inf 

Num iterations: 3
Time taken 0.601980 seconds
Initial cluster centers:
264.152924 29.865753 
227.190643 56.442844 
237.980736 29.640188 
244.162064 34.098228 
286.931061 41.751415 
8.503367 74.318443 
243.095764 39.583008 
325.105141 81.252525 
181.027237 -36.282158 
203.256516 63.807667 

Final cluster centers:
238.130500 inf 
inf inf 
inf inf 
inf inf 
inf inf 
inf inf 
inf inf 
inf inf 
inf inf 
678131953.116284 inf 

Num iterations: 4
Time taken 1.576566 seconds
Initial cluster centers:
264.152924 29.865753 
227.190643 56.442844 
237.980736 29.640188 
244.162064 34.098228 
286.931061 41.751415 
8.503367 74.318443 
243.095764 39.583008 
325.105141 81.252525 
181.027237 -36.282158 
203.256516 63.807667 
257.081223 18.350336 
209.361679 62.138020 
256.176903 43.041012 
246.085205 48.493340 
232.754929 49.240280 

Final cluster centers:
238.130500 inf 
865191841.869840 inf 
inf inf 
inf inf 
inf inf 
inf inf 
inf inf 
722046990.551939 inf 
109475505.708627 inf 
inf inf 
inf inf 
inf inf 
inf inf 
865191841.869840 inf 
inf inf 

Num iterations: 3
Time taken 1.275420 seconds
Initial cluster centers:
264.152924 29.865753 
227.190643 56.442844 
237.980736 29.640188 
244.162064 34.098228 
286.931061 41.751415 
8.503367 74.318443 
243.095764 39.583008 
325.105141 81.252525 
181.027237 -36.282158 
203.256516 63.807667 
257.081223 18.350336 
209.361679 62.138020 
256.176903 43.041012 
246.085205 48.493340 
232.754929 49.240280 
167.007034 -42.464169 
101.669876 74.069206 
277.097267 35.335228 
8.107152 54.852158 
238.472755 35.270226 
309.348045 73.067261 
214.879288 61.276272 
279.512611 38.031815 
264.714043 18.628237 
271.405266 33.631851 

Final cluster centers:
238.130500 inf 
inf inf 
inf inf 
inf inf 
inf inf 
inf inf 
inf inf 
inf inf 
inf inf 
inf inf 
inf inf 
inf inf 
inf inf 
inf inf 
inf inf 
inf inf 
inf inf 
inf inf 
inf inf 
inf inf 
inf inf 
inf inf 
inf inf 
inf inf 
inf inf 

Num iterations: 3
Time taken 2.038268 seconds
